
StartChar: Aring
Encoding: 197 197 108
Width: 507
VWidth: 0
LayerCount: 2
Fore
Refer: 107 730 S 0.891007 -0.45399 0.45399 0.891007 -108.467 337.446 2
Refer: 9 65 N 1 0 0 1 0 0 3
EndChar
