
StartChar: Aring
Encoding: 197 197 105
Width: 497
VWidth: 0
Flags: W
LayerCount: 2
Fore
Refer: 104 730 N 0.891007 -0.45399 0.45399 0.891007 -113.467 337.446 2
Refer: 9 65 N 1 0 0 1 0 0 3
EndChar
