
StartChar: Atilde
Encoding: 195 195 97
Width: 507
VWidth: 0
LayerCount: 2
Fore
Refer: 76 126 S 0.66931 0 0 0.686275 104.937 575.784 2
Refer: 9 65 N 1 0 0 1 0 0 3
EndChar
