
StartChar: Atilde
Encoding: 195 195 94
Width: 497
VWidth: 0
Flags: W
LayerCount: 2
Fore
Refer: 75 126 S 0.66931 0 0 0.686275 99.9375 575.784 2
Refer: 9 65 N 1 0 0 1 0 0 3
EndChar
