
StartChar: Otilde
Encoding: 213 213 147
Width: 494
VWidth: 0
LayerCount: 2
Fore
Refer: 75 126 S 0.66931 0 0 0.686275 70.9375 571.284 2
Refer: 23 79 N 1 0 0 1 0 0 3
EndChar
