
StartChar: atilde
Encoding: 227 227 152
Width: 467
VWidth: 0
LayerCount: 2
Fore
Refer: 75 126 S 0.589058 0 0 0.644921 91.1909 412.66 2
Refer: 35 97 N 1 0 0 1 0 0 3
EndChar
